5.124818575769428
2.3212980103052416
4.50206983437891
5.861730116115005
5.335683464476064
3.127441319391673
5.067848307326122
7.644312037899216
4.362008783526352
5.123138974188131
4.287344057701596
4.805146536921209
7.449860263047498
4.945048271063773
4.9682472065819345
6.563351831709328
5.832649901995614
8.472462289002046
5.337182634397805
4.9196713422654135
5.925732125368208
5.347661366831965
5.821228940680954
4.688912616530447
6.000866023430774
1.0915152314425
3.9850727748008166
4.4994395487089855
4.997858516914384
4.132999965844223
7.251615306418135
5.504070163135329
4.467558665928719
3.8178375493286527
4.005287364929986
4.193979734148843
4.410371561402445
5.633832507405002
4.295885461118691
6.117771005507733
4.894936168788071
6.584654833724581
3.818603669808734
4.498335241444913
5.458233922458435
2.262253667583651
3.8649031905003026
5.9918447460383915
4.479638885083636
2.0922879232666434
4.760612817265013
4.1871057843516315
4.1911733949201295
5.778742753276745
3.229631761806189
4.973753814946923
5.8615519370220195
4.330182448231888
6.313293944853301
3.2661465202856688
6.124525870565795
5.778327373536965
5.118504980474363
6.098922368810772
4.898501509220939
4.26793066460485
2.6554668806158115
4.460793385992053
7.022606110745833
4.917464542456111
3.592333594898313
4.0375749673272505
4.853295418983016
6.626737442892415
2.295405634836747
6.219779213367947
4.559039008904117
4.589629357431216
5.15739790208935
4.362041591081798
5.095559586311172
4.226286016245267
6.45182820864364
2.9020971642084774
1.9042182174980709
3.671572605788804
3.2698555998473724
4.72891170559452
6.317485325016498
4.91396116291144
3.1984027315225187
6.468370572790718
4.050797450601982
3.0084801510276047
6.452648595891898
5.8844013292505295
4.592771259535632
6.488034400271944
5.126387323831392
3.1837236018708497
5.7157926376635455
3.047840498497055
6.091016711578782
4.499339752795208
6.1783533199730645
3.0349054945673313
3.038913296002727
5.705787385797667
2.117974967991735
5.908654113081332
3.4306163705026838
3.0528353942350854
3.2869392663042567
4.130303973249439
4.586936071711062
3.895090896504184
3.4132817989256856
4.803355050036815
4.233875360565978
6.125103060619322
5.852728606973774
6.0610765881187625
5.755809034637929
5.289398212570129
4.1448009869569455
6.311252638695897
5.388688191858009
7.040513801032157
1.7771919813463524
4.893949692261399
2.8288387356458546
5.848806944413095
3.0324633621153327
3.7582806872018755
4.026456129574212
5.134612194504111
6.620018196161345
4.206375966767838
6.145892106663658
5.890172463845341
2.5720122675962545
4.359059107712234
4.3857495402643005
5.149990264218642
5.160234256036154
3.768092839853218
2.886769841054885
3.2108355340793744
3.0436201330321153
6.478724410180098
3.7711409449723807
5.632116800322358
4.270232311232588
5.211960941365351
5.269759230329133
5.341048944966997
5.835068000102572
5.179743026839579
7.034294436415166
6.463459959851298
6.0080881294807655
6.314534742466027
6.78317170144361
3.8535666122095527
6.191187429153002
5.495357242613578
4.791189975342613
4.6852793199125395
5.753527902686903
3.1268987486289257
4.932295446842116
4.631089743108036
2.2749174101035585
6.011900659188687
4.597074779813801
3.729705451256366
3.38609771916183
4.995561752176741
4.195516383964278
2.9913321545898626
5.394266143756216
4.527817879837832
6.930030484403098
4.465344821167373
4.778571469825499
2.9267124010667644
5.018521621390811
5.59287412853846
6.62580353306901
2.7675162246408243
5.184999871723602
3.052513589726878
6.0487691732459625
2.5338590163922423
5.508346918386767
5.228361237339877
6.524212354888218
7.861376924805075
5.4638657372009485
2.3837614431432153
